2400 0 55 0           
11 Alibre, Inc 14 ACIS 24.0.1 NT 24 Thu Apr 30 13:33:25 2015 
10 9.9999999999999995e-007 1e-010 
body $55 -1 -1 $-1 $56 $-1 $-1 F #
body $57 -1 -1 $-1 $58 $-1 $59 F #
body $60 -1 -1 $-1 $61 $-1 $62 F #
body $63 -1 -1 $-1 $64 $-1 $65 F #
body $66 -1 -1 $-1 $67 $-1 $68 F #
body $69 -1 -1 $-1 $70 $-1 $71 F #
body $72 -1 -1 $-1 $73 $-1 $74 F #
body $75 -1 -1 $-1 $76 $-1 $77 F #
body $78 -1 -1 $-1 $79 $-1 $80 F #
body $81 -1 -1 $-1 $82 $-1 $83 F #
body $84 -1 -1 $-1 $85 $-1 $86 F #
body $87 -1 -1 $-1 $88 $-1 $89 F #
body $90 -1 -1 $-1 $91 $-1 $92 F #
body $93 -1 -1 $-1 $94 $-1 $95 F #
body $96 -1 -1 $-1 $97 $-1 $98 F #
body $99 -1 -1 $-1 $100 $-1 $101 F #
body $102 -1 -1 $-1 $103 $-1 $104 F #
body $105 -1 -1 $-1 $106 $-1 $107 F #
body $108 -1 -1 $-1 $109 $-1 $110 F #
body $111 -1 -1 $-1 $112 $-1 $113 F #
body $114 -1 -1 $-1 $115 $-1 $116 F #
body $117 -1 -1 $-1 $118 $-1 $119 F #
body $120 -1 -1 $-1 $121 $-1 $122 F #
body $123 -1 -1 $-1 $124 $-1 $125 F #
body $126 -1 -1 $-1 $127 $-1 $128 F #
body $129 -1 -1 $-1 $130 $-1 $131 F #
body $132 -1 -1 $-1 $133 $-1 $134 F #
body $135 -1 -1 $-1 $136 $-1 $137 F #
body $138 -1 -1 $-1 $139 $-1 $140 F #
body $141 -1 -1 $-1 $142 $-1 $143 F #
body $144 -1 -1 $-1 $145 $-1 $146 F #
body $147 -1 -1 $-1 $148 $-1 $149 F #
body $150 -1 -1 $-1 $151 $-1 $152 F #
body $153 -1 -1 $-1 $154 $-1 $155 F #
body $156 -1 -1 $-1 $157 $-1 $158 F #
body $159 -1 -1 $-1 $160 $-1 $161 F #
body $162 -1 -1 $-1 $163 $-1 $164 F #
body $165 -1 -1 $-1 $166 $-1 $167 F #
body $168 -1 -1 $-1 $169 $-1 $170 F #
body $171 -1 -1 $-1 $172 $-1 $173 F #
body $174 -1 -1 $-1 $175 $-1 $176 F #
body $177 -1 -1 $-1 $178 $-1 $179 F #
body $180 -1 -1 $-1 $181 $-1 $182 F #
body $183 -1 -1 $-1 $184 $-1 $185 F #
body $186 -1 -1 $-1 $187 $-1 $188 F #
body $189 -1 -1 $-1 $190 $-1 $191 F #
body $192 -1 -1 $-1 $193 $-1 $194 F #
body $195 -1 -1 $-1 $196 $-1 $197 F #
body $198 -1 -1 $-1 $199 $-1 $200 F #
body $201 -1 -1 $-1 $202 $-1 $203 F #
body $204 -1 -1 $-1 $205 $-1 $206 F #
body $207 -1 -1 $-1 $208 $-1 $209 F #
body $210 -1 -1 $-1 $211 $-1 $212 F #
body $213 -1 -1 $-1 $214 $-1 $215 F #
body $216 -1 -1 $-1 $217 $-1 $218 F #
rgb_color-st-attrib $-1 -1 $219 $-1 $0 2 1 2 1 1 1 1 1 1 1 1 1 1 1 0 1 1 1 0.88235294117647056 0.88235294117647056 0.88235294117647056 #
lump $-1 -1 -1 $-1 $-1 $220 $0 F #
rgb_color-st-attrib $-1 -1 $221 $-1 $1 2 1 2 1 1 1 1 1 1 1 1 1 1 1 0 1 1 1 0.75294117647058822 0.75294117647058822 0.75294117647058822 #
lump $-1 -1 -1 $-1 $-1 $222 $1 F #
transform $-1 -1 1 0 0 0 1 0 0 0 1 -4.7999999999999998 3.7000000000000002 0.71187500000000004 1 rotate no_reflect no_shear #
rgb_color-st-attrib $-1 -1 $223 $-1 $2 2 1 2 1 1 1 1 1 1 1 1 1 1 1 0 1 1 1 0.75294117647058822 0.75294117647058822 0.75294117647058822 #
lump $-1 -1 -1 $-1 $-1 $224 $2 F #
transform $-1 -1 1 0 0 0 1 0 0 0 1 -4.7999999999999998 -1.6000000000000001 0.71187500000000004 1 rotate no_reflect no_shear #
rgb_color-st-attrib $-1 -1 $225 $-1 $3 2 1 2 1 1 1 1 1 1 1 1 1 1 1 0 1 1 1 0.75294117647058822 0.75294117647058822 0.75294117647058822 #
lump $-1 -1 -1 $-1 $-1 $226 $3 F #
transform $-1 -1 1 1.3877787807814501e-016 -3.0000286365724398e-015 -1.3877787807814501e-016 1 4.1633760835719299e-031 3.0000286365724398e-015 0 1 4 -1.6000000000000001 0.71187500000000004 1 rotate no_reflect no_shear #
rgb_color-st-attrib $-1 -1 $227 $-1 $4 2 1 2 1 1 1 1 1 1 1 1 1 1 1 0 1 1 1 0.88235294117647056 0.88235294117647056 0.88235294117647056 #
lump $-1 -1 -1 $-1 $-1 $228 $4 F #
transform $-1 -1 0.923728021347068 0.38304900806323799 0 0 0 1 0.38304900806323799 -0.923728021347068 0 -0.80000000000000104 -0.34999999999999698 2.4587500000000002 1 rotate no_reflect no_shear #
rgb_color-st-attrib $-1 -1 $229 $-1 $5 2 1 2 1 1 1 1 1 1 1 1 1 1 1 0 1 1 1 0.88235294117647056 0.88235294117647056 0.88235294117647056 #
lump $-1 -1 -1 $-1 $-1 $230 $5 F #
transform $-1 -1 0.923728021347068 0.38304900806323799 0 0 0 1 0.38304900806323799 -0.923728021347068 0 0.34999999999999998 -0.80000000000000004 2.4587500000000002 1 rotate no_reflect no_shear #
rgb_color-st-attrib $-1 -1 $231 $-1 $6 2 1 2 1 1 1 1 1 1 1 1 1 1 1 0 1 1 1 0.88235294117647056 0.88235294117647056 0.88235294117647056 #
lump $-1 -1 -1 $-1 $-1 $232 $6 F #
transform $-1 -1 0.70209057140726905 0.71208765579878897 0 0 0 1 0.71208765579878897 -0.70209057140726905 0 -0.34999999999999398 0.80000000000000304 2.4587500000000002 1 rotate no_reflect no_shear #
rgb_color-st-attrib $-1 -1 $233 $-1 $7 2 1 2 1 1 1 1 1 1 1 1 1 1 1 0 1 1 1 0.88235294117647056 0.88235294117647056 0.88235294117647056 #
lump $-1 -1 -1 $-1 $-1 $234 $7 F #
transform $-1 -1 0.82969221736029197 -0.558221125049709 0 0 0 1 -0.558221125049709 -0.82969221736029097 0 0.80000000000000404 0.34999999999999198 2.4587500000000002 1 rotate no_reflect no_shear #
rgb_color-st-attrib $-1 -1 $235 $-1 $8 2 1 2 1 1 1 1 1 1 1 1 1 1 1 0 1 1 1 0.88235294117647056 0.88235294117647056 0.88235294117647056 #
lump $-1 -1 -1 $-1 $-1 $236 $8 F #
transform $-1 -1 0.61050786033930304 0.792010197196934 0 -9.6993275288928665e-017 7.4765649701882487e-017 -1 -0.792010197196934 0.61050786033930304 1.22464679914735e-016 -4.5227964309810726 3.486322248881244 1.300875 1 rotate no_reflect no_shear #
rgb_color-st-attrib $-1 -1 $237 $-1 $9 2 1 2 1 1 1 1 1 1 1 1 1 1 1 0 1 1 1 0.88235294117647056 0.88235294117647056 0.88235294117647056 #
lump $-1 -1 -1 $-1 $-1 $238 $9 F #
transform $-1 -1 -0.99115488099851901 0.13271021766545404 -5.5511151231257901e-017 5.4040801503428274e-017 -1.1174538615963089e-016 -1 -0.13271021766545404 -0.99115488099851901 9.9866676355012501e-017 -4.7535514238170906 4.0469042083494813 1.300875 1.0000000000000002 rotate no_reflect no_shear #
rgb_color-st-attrib $-1 -1 $239 $-1 $10 2 1 2 1 1 1 1 1 1 1 1 1 1 1 0 1 1 1 0.88235294117647056 0.88235294117647056 0.88235294117647056 #
lump $-1 -1 -1 $-1 $-1 $240 $10 F #
transform $-1 -1 0.3806470206592184 -0.92472041486238488 -1.7202498625194899e-032 5.0834991244750001e-017 6.5948096749945975e-017 -1 0.92472041486238488 0.3806470206592184 9.98666763550126e-017 -5.1236521452018344 3.5667735427692735 1.300875 1.0000000000000002 rotate no_reflect no_shear #
rgb_color-st-attrib $-1 -1 $241 $-1 $11 2 1 2 1 1 1 1 1 1 1 1 1 1 1 0 1 1 1 0.88235294117647056 0.88235294117647056 0.88235294117647056 #
lump $-1 -1 -1 $-1 $-1 $242 $11 F #
transform $-1 -1 0.792010197196934 -0.61050786033930304 0 0.61050786033930304 0.792010197196934 0 0 0 1 -4.7999999999999998 3.7000000000000002 1.199975 1 rotate no_reflect no_shear #
rgb_color-st-attrib $-1 -1 $243 $-1 $12 2 1 2 1 1 1 1 1 1 1 1 1 1 1 0 1 1 1 0.88235294117647056 0.88235294117647056 0.88235294117647056 #
lump $-1 -1 -1 $-1 $-1 $244 $12 F #
transform $-1 -1 -0.316227766016838 0.94868329805051399 0 -1.1618019643621134e-016 -3.8726732145403781e-017 -1 -0.94868329805051399 -0.316227766016838 1.22464679914735e-016 -4.4679608456823203 -1.4893202818941067 1.300875 1.0000000000000002 rotate no_reflect no_shear #
rgb_color-st-attrib $-1 -1 $245 $-1 $13 2 1 2 1 1 1 1 1 1 1 1 1 1 1 0 1 1 1 0.88235294117647056 0.88235294117647056 0.88235294117647056 #
lump $-1 -1 -1 $-1 $-1 $246 $13 F #
transform $-1 -1 -0.66346995324933233 -0.74820292777783859 -5.5511151231257901e-017 1.2287917140018488e-016 -1.7554167342883373e-017 -1 0.74820292777783859 -0.66346995324933233 9.9866676355012501e-017 -5.0618710247222429 -1.3677855163627337 1.300875 1.0000000000000002 rotate no_reflect no_shear #
rgb_color-st-attrib $-1 -1 $247 $-1 $14 2 1 2 1 1 1 1 1 1 1 1 1 1 1 0 1 1 1 0.88235294117647056 0.88235294117647056 0.88235294117647056 #
lump $-1 -1 -1 $-1 $-1 $248 $14 F #
transform $-1 -1 0.979697719266169 -0.20048037027267157 -1.7202498625194899e-032 -2.6331251014325251e-017 7.8993753042975752e-017 -1 0.20048037027267157 0.979697719266169 9.98666763550126e-017 -4.8701681295954344 -1.942894201743159 1.300875 1.0000000000000002 rotate no_reflect no_shear #
rgb_color-st-attrib $-1 -1 $249 $-1 $15 2 1 2 1 1 1 1 1 1 1 1 1 1 1 0 1 1 1 0.88235294117647056 0.88235294117647056 0.88235294117647056 #
lump $-1 -1 -1 $-1 $-1 $250 $15 F #
transform $-1 -1 0.94868329805051399 0.316227766016838 0 -0.316227766016838 0.94868329805051399 0 0 0 1 -4.7999999999999998 -1.6000000000000001 1.199975 1.0000000000000002 rotate no_reflect no_shear #
rgb_color-st-attrib $-1 -1 $251 $-1 $16 2 1 2 1 1 1 1 1 1 1 1 1 1 1 0 1 1 1 0.88235294117647056 0.88235294117647056 0.88235294117647056 #
lump $-1 -1 -1 $-1 $-1 $252 $16 F #
transform $-1 -1 -0.37139067635410378 -0.9284766908852593 1.1141826644183192e-015 -2.886323035814884e-015 -4.5482240303022285e-017 -1 0.9284766908852593 -0.37139067635410378 -2.6629919811310632e-015 3.6750331581901596 -1.4700132632760636 1.3008750000000009 1.0000000000000004 rotate no_reflect no_shear #
rgb_color-st-attrib $-1 -1 $253 $-1 $17 2 1 2 1 1 1 1 1 1 1 1 1 1 1 0 1 1 1 0.88235294117647056 0.88235294117647056 0.88235294117647056 #
lump $-1 -1 -1 $-1 $-1 $254 $17 F #
transform $-1 -1 0.98977973930539842 0.14260458499128884 -3.0248787130466599e-015 -3.0824939325763272e-015 9.2773458004373191e-017 -1 -0.14260458499128884 0.98977973930539842 5.2768451503540753e-016 4.049911604746951 -1.9464229087568898 1.300875 1.0000000000000007 rotate no_reflect no_shear #
rgb_color-st-attrib $-1 -1 $255 $-1 $18 2 1 2 1 1 1 1 1 1 1 1 1 1 1 0 1 1 1 0.88235294117647056 0.88235294117647056 0.88235294117647056 #
lump $-1 -1 -1 $-1 $-1 $256 $18 F #
transform $-1 -1 -0.61838906295129614 0.78587210589396661 1.8551848973970874e-015 -3.0309531225738976e-015 -7.7311215003644201e-017 -1 -0.78587210589396661 -0.61838906295129614 2.4575054987204037e-015 4.2750552370628885 -1.3835638279670461 1.3008749999999991 1.0000000000000007 rotate no_reflect no_shear #
rgb_color-st-attrib $-1 -1 $257 $-1 $19 2 1 2 1 1 1 1 1 1 1 1 1 1 1 0 1 1 1 0.88235294117647056 0.88235294117647056 0.88235294117647056 #
lump $-1 -1 -1 $-1 $-1 $258 $19 F #
transform $-1 -1 -0.9284766908852593 0.37139067635410378 2.7854566610457979e-015 -0.37139067635410378 -0.9284766908852593 1.1141826644183192e-015 3.0000286365724398e-015 0 1 4 -1.6000000000000001 1.199975 1.0000000000000004 rotate no_reflect no_shear #
rgb_color-st-attrib $-1 -1 $259 $-1 $20 2 1 2 1 1 1 1 1 1 1 1 1 1 1 0 1 1 1 0.50196078431372548 1 0.50196078431372548 #
lump $-1 -1 -1 $-1 $-1 $260 $20 F #
transform $-1 -1 1 0 0 0 1 0 0 0 1 0 0 2 1 rotate no_reflect no_shear #
rgb_color-st-attrib $-1 -1 $261 $-1 $21 2 1 2 1 1 1 1 1 1 1 1 1 1 1 0 1 1 1 0.88235294117647056 0.88235294117647056 0.88235294117647056 #
lump $-1 -1 -1 $-1 $-1 $262 $21 F #
transform $-1 -1 1 0 0 0 1 0 0 0 1 0 0 2.1587499999999999 1 rotate no_reflect no_shear #
rgb_color-st-attrib $-1 -1 $263 $-1 $22 2 1 2 1 1 1 1 1 1 1 1 1 1 1 0 1 1 1 0.88235294117647056 0.88235294117647056 0.88235294117647056 #
lump $-1 -1 -1 $-1 $-1 $264 $22 F #
transform $-1 -1 0 0 1 0 -1 0 1 0 0 -2.7425000000000002 0 5.3087499999999999 1 rotate no_reflect no_shear #
rgb_color-st-attrib $-1 -1 $265 $-1 $23 2 1 2 1 1 1 1 1 1 1 1 1 1 1 0 1 1 1 0.88235294117647056 0.88235294117647056 0.88235294117647056 #
lump $-1 -1 -1 $-1 $-1 $266 $23 F #
transform $-1 -1 0 0 1 0 -1 0 1 0 0 2.1074999999999999 0 5.3087499999999999 1 rotate no_reflect no_shear #
rgb_color-st-attrib $-1 -1 $267 $-1 $24 2 1 2 1 1 1 1 1 1 1 1 1 1 1 0 1 1 1 0.88235294117647056 0.88235294117647056 0.88235294117647056 #
lump $-1 -1 -1 $-1 $-1 $268 $24 F #
transform $-1 -1 1 3.2002887211652202e-031 -2.6884506982692199e-015 -2.6884506982692199e-015 1.20106825767647e-016 -1 -3.2002887211652202e-031 1 1.20106825767647e-016 -2.4249999999999998 -1 2.4587499999999998 1 rotate no_reflect no_shear #
rgb_color-st-attrib $-1 -1 $269 $-1 $25 2 1 2 1 1 1 1 1 1 1 1 1 1 1 0 1 1 1 0.88235294117647056 0.88235294117647056 0.88235294117647056 #
lump $-1 -1 -1 $-1 $-1 $270 $25 F #
transform $-1 -1 0.99999476212907501 -0.00323662083270565 -2.7845195226715798e-015 -2.7843866092487698e-015 4.5571504388555102e-017 -1 0.00323662083270565 0.99999476212907501 3.6559261985095998e-017 2.4249999999999998 -1 2.4587499999999998 1 rotate no_reflect no_shear #
rgb_color-st-attrib $-1 -1 $271 $-1 $26 2 1 2 1 1 1 1 1 1 1 1 1 1 1 0 1 1 1 0.88235294117647056 0.88235294117647056 0.88235294117647056 #
lump $-1 -1 -1 $-1 $-1 $272 $26 F #
transform $-1 -1 1 3.2002887211652202e-031 -2.6884506982692199e-015 -2.6884506982692199e-015 1.20106825767647e-016 -1 -3.2002887211652202e-031 1 1.20106825767647e-016 -2.4249999999999998 0 2.4587499999999998 1 rotate no_reflect no_shear #
rgb_color-st-attrib $-1 -1 $273 $-1 $27 2 1 2 1 1 1 1 1 1 1 1 1 1 1 0 1 1 1 0.88235294117647056 0.88235294117647056 0.88235294117647056 #
lump $-1 -1 -1 $-1 $-1 $274 $27 F #
transform $-1 -1 1 3.2002887211652202e-031 -2.6884506982692199e-015 -2.6884506982692199e-015 1.20106825767647e-016 -1 -3.2002887211652202e-031 1 1.20106825767647e-016 -2.4249999999999998 1 2.4587499999999998 1 rotate no_reflect no_shear #
rgb_color-st-attrib $-1 -1 $275 $-1 $28 2 1 2 1 1 1 1 1 1 1 1 1 1 1 0 1 1 1 0.88235294117647056 0.88235294117647056 0.88235294117647056 #
lump $-1 -1 -1 $-1 $-1 $276 $28 F #
transform $-1 -1 0.99999476212907501 -0.00323662083270565 -2.7845195226715798e-015 -2.7843866092487698e-015 4.5571504388555102e-017 -1 0.00323662083270565 0.99999476212907501 3.6559261985095998e-017 2.4249999999999998 0 2.4587499999999998 1 rotate no_reflect no_shear #
rgb_color-st-attrib $-1 -1 $277 $-1 $29 2 1 2 1 1 1 1 1 1 1 1 1 1 1 0 1 1 1 0.88235294117647056 0.88235294117647056 0.88235294117647056 #
lump $-1 -1 -1 $-1 $-1 $278 $29 F #
transform $-1 -1 0.99999476212907501 -0.00323662083270565 -2.7845195226715798e-015 -2.7843866092487698e-015 4.5571504388555102e-017 -1 0.00323662083270565 0.99999476212907501 3.6559261985095998e-017 2.4249999999999998 1 2.4587499999999998 1 rotate no_reflect no_shear #
rgb_color-st-attrib $-1 -1 $279 $-1 $30 2 1 2 1 1 1 1 1 1 1 1 1 1 1 0 1 1 1 0.88235294117647056 0.88235294117647056 0.88235294117647056 #
lump $-1 -1 -1 $-1 $-1 $280 $30 F #
transform $-1 -1 0 0.381849318686592 -0.92422459273630297 -1 0 0 0 0.92422459273630297 0.381849318686593 -2.5074999999999998 4.4408920985006301e-016 6.1087500000000006 1 rotate no_reflect no_shear #
rgb_color-st-attrib $-1 -1 $281 $-1 $31 2 1 2 1 1 1 1 1 1 1 1 1 1 1 0 1 1 1 0.88235294117647056 0.88235294117647056 0.88235294117647056 #
lump $-1 -1 -1 $-1 $-1 $282 $31 F #
transform $-1 -1 0 0.381849318686592 -0.92422459273630297 -1 0 0 0 0.92422459273630297 0.381849318686593 2.3424999999999998 4.4408920985006301e-016 6.1087500000000006 1 rotate no_reflect no_shear #
rgb_color-st-attrib $-1 -1 $283 $-1 $32 2 1 2 1 1 1 1 1 1 1 1 1 1 1 0 1 1 1 0.88235294117647056 0.88235294117647056 0.88235294117647056 #
lump $-1 -1 -1 $-1 $-1 $284 $32 F #
transform $-1 -1 0 -0.38351723422846268 -0.92353371949796736 -1 0 0 0 0.92353371949796803 -0.38351723422846196 -2.5074999999999998 0.56568542494923868 5.8744354249492376 1 rotate no_reflect no_shear #
rgb_color-st-attrib $-1 -1 $285 $-1 $33 2 1 2 1 1 1 1 1 1 1 1 1 1 1 0 1 1 1 0.88235294117647056 0.88235294117647056 0.88235294117647056 #
lump $-1 -1 -1 $-1 $-1 $286 $33 F #
transform $-1 -1 0 -0.38351723422846268 -0.92353371949796736 -1 0 0 0 0.92353371949796803 -0.38351723422846196 2.3424999999999998 0.56568542494923868 5.8744354249492376 1 rotate no_reflect no_shear #
rgb_color-st-attrib $-1 -1 $287 $-1 $34 2 1 2 1 1 1 1 1 1 1 1 1 1 1 0 1 1 1 0.88235294117647056 0.88235294117647056 0.88235294117647056 #
lump $-1 -1 -1 $-1 $-1 $288 $34 F #
transform $-1 -1 0 -0.92422459273630297 -0.38184931868659205 -1 0 0 0 0.38184931868659305 -0.92422459273630297 -2.5074999999999998 0.80000000000000027 5.3087499999999999 1 rotate no_reflect no_shear #
rgb_color-st-attrib $-1 -1 $289 $-1 $35 2 1 2 1 1 1 1 1 1 1 1 1 1 1 0 1 1 1 0.88235294117647056 0.88235294117647056 0.88235294117647056 #
lump $-1 -1 -1 $-1 $-1 $290 $35 F #
transform $-1 -1 0 -0.92422459273630297 -0.38184931868659205 -1 0 0 0 0.38184931868659305 -0.92422459273630297 2.3424999999999998 0.80000000000000027 5.3087499999999999 1 rotate no_reflect no_shear #
rgb_color-st-attrib $-1 -1 $291 $-1 $36 2 1 2 1 1 1 1 1 1 1 1 1 1 1 0 1 1 1 0.88235294117647056 0.88235294117647056 0.88235294117647056 #
lump $-1 -1 -1 $-1 $-1 $292 $36 F #
transform $-1 -1 0 -0.92353371949796736 0.38351723422846268 -1 0 0 0 -0.38351723422846196 -0.92353371949796803 -2.5074999999999998 0.56568542494923779 4.7430645750507612 1 rotate no_reflect no_shear #
rgb_color-st-attrib $-1 -1 $293 $-1 $37 2 1 2 1 1 1 1 1 1 1 1 1 1 1 0 1 1 1 0.88235294117647056 0.88235294117647056 0.88235294117647056 #
lump $-1 -1 -1 $-1 $-1 $294 $37 F #
transform $-1 -1 0 -0.92353371949796736 0.38351723422846268 -1 0 0 0 -0.38351723422846196 -0.92353371949796803 2.3424999999999998 0.56568542494923779 4.7430645750507612 1 rotate no_reflect no_shear #
rgb_color-st-attrib $-1 -1 $295 $-1 $38 2 1 2 1 1 1 1 1 1 1 1 1 1 1 0 1 1 1 0.88235294117647056 0.88235294117647056 0.88235294117647056 #
lump $-1 -1 -1 $-1 $-1 $296 $38 F #
transform $-1 -1 0 -0.38184931868659211 0.92422459273630297 -1 0 0 0 -0.92422459273630297 -0.38184931868659311 -2.5074999999999998 -3.4612070154427274e-016 4.5087499999999991 1 rotate no_reflect no_shear #
rgb_color-st-attrib $-1 -1 $297 $-1 $39 2 1 2 1 1 1 1 1 1 1 1 1 1 1 0 1 1 1 0.88235294117647056 0.88235294117647056 0.88235294117647056 #
lump $-1 -1 -1 $-1 $-1 $298 $39 F #
transform $-1 -1 0 -0.38184931868659211 0.92422459273630297 -1 0 0 0 -0.92422459273630297 -0.38184931868659311 2.3424999999999998 -3.4612070154427274e-016 4.5087499999999991 1 rotate no_reflect no_shear #
rgb_color-st-attrib $-1 -1 $299 $-1 $40 2 1 2 1 1 1 1 1 1 1 1 1 1 1 0 1 1 1 0.88235294117647056 0.88235294117647056 0.88235294117647056 #
lump $-1 -1 -1 $-1 $-1 $300 $40 F #
transform $-1 -1 0 0.38351723422846262 0.92353371949796736 -1 0 0 0 -0.92353371949796803 0.3835172342284619 -2.5074999999999998 -0.56568542494923868 4.7430645750507621 1 rotate no_reflect no_shear #
rgb_color-st-attrib $-1 -1 $301 $-1 $41 2 1 2 1 1 1 1 1 1 1 1 1 1 1 0 1 1 1 0.88235294117647056 0.88235294117647056 0.88235294117647056 #
lump $-1 -1 -1 $-1 $-1 $302 $41 F #
transform $-1 -1 0 0.38351723422846262 0.92353371949796736 -1 0 0 0 -0.92353371949796803 0.3835172342284619 2.3424999999999998 -0.56568542494923868 4.7430645750507621 1 rotate no_reflect no_shear #
rgb_color-st-attrib $-1 -1 $303 $-1 $42 2 1 2 1 1 1 1 1 1 1 1 1 1 1 0 1 1 1 0.88235294117647056 0.88235294117647056 0.88235294117647056 #
lump $-1 -1 -1 $-1 $-1 $304 $42 F #
transform $-1 -1 0 0.92422459273630286 0.38184931868659217 -1 0 0 0 -0.38184931868659316 0.92422459273630286 -2.5074999999999998 -0.80000000000000027 5.3087499999999999 1 rotate no_reflect no_shear #
rgb_color-st-attrib $-1 -1 $305 $-1 $43 2 1 2 1 1 1 1 1 1 1 1 1 1 1 0 1 1 1 0.88235294117647056 0.88235294117647056 0.88235294117647056 #
lump $-1 -1 -1 $-1 $-1 $306 $43 F #
transform $-1 -1 0 0.92422459273630286 0.38184931868659217 -1 0 0 0 -0.38184931868659316 0.92422459273630286 2.3424999999999998 -0.80000000000000027 5.3087499999999999 1 rotate no_reflect no_shear #
rgb_color-st-attrib $-1 -1 $307 $-1 $44 2 1 2 1 1 1 1 1 1 1 1 1 1 1 0 1 1 1 0.88235294117647056 0.88235294117647056 0.88235294117647056 #
lump $-1 -1 -1 $-1 $-1 $308 $44 F #
transform $-1 -1 0 0.92353371949796736 -0.38351723422846251 -1 0 0 0 0.38351723422846179 0.92353371949796803 -2.5074999999999998 -0.56568542494923779 5.8744354249492385 1 rotate no_reflect no_shear #
rgb_color-st-attrib $-1 -1 $309 $-1 $45 2 1 2 1 1 1 1 1 1 1 1 1 1 1 0 1 1 1 0.88235294117647056 0.88235294117647056 0.88235294117647056 #
lump $-1 -1 -1 $-1 $-1 $310 $45 F #
transform $-1 -1 0 0.92353371949796736 -0.38351723422846251 -1 0 0 0 0.38351723422846179 0.92353371949796803 2.3424999999999998 -0.56568542494923779 5.8744354249492385 1 rotate no_reflect no_shear #
rgb_color-st-attrib $-1 -1 $311 $-1 $46 2 1 2 1 1 1 1 1 1 1 1 1 1 1 0 1 1 1 0.88235294117647056 0.88235294117647056 0.88235294117647056 #
lump $-1 -1 -1 $-1 $-1 $312 $46 F #
transform $-1 -1 0 -1 -1.11022302462516e-016 0 5.5511151231257802e-017 1 -1 0 0 -2.0325000000000002 0 5.3087499999999999 1 rotate no_reflect no_shear #
rgb_color-st-attrib $-1 -1 $313 $-1 $47 2 1 2 1 1 1 1 1 1 1 1 1 1 1 0 1 1 1 0.88235294117647056 0.88235294117647056 0.88235294117647056 #
lump $-1 -1 -1 $-1 $-1 $314 $47 F #
transform $-1 -1 0 3.8857805861880499e-016 1 0 1 0 -1 0 0 2.8174999999999999 0 5.3087499999999999 1 rotate no_reflect no_shear #
rgb_color-st-attrib $-1 -1 $315 $-1 $48 2 1 2 1 1 1 1 1 1 1 1 1 1 1 0 1 1 1 0.97647058823529409 0.93333333333333335 0.83529411764705885 #
lump $-1 -1 -1 $-1 $-1 $316 $48 F #
transform $-1 -1 0 -1 0 1 0 0 0 0 1 -3.5 0 2.1587499999999999 1 rotate no_reflect no_shear #
rgb_color-st-attrib $-1 -1 $317 $-1 $49 2 1 2 1 1 1 1 1 1 1 1 1 1 1 0 1 1 1 0.88235294117647056 0.88235294117647056 0.88235294117647056 #
lump $-1 -1 -1 $-1 $-1 $318 $49 F #
transform $-1 -1 0.94868329805051399 0.316227766016838 -3.2756186284339198e-015 3.4928408125652002e-015 -1.20106825767647e-016 1 0.316227766016838 -0.94868329805051399 -1.21847658679756e-015 -4.7999999999999998 -1.6000000000000001 -0.20000000000000001 1.0000000000000002 rotate no_reflect no_shear #
rgb_color-st-attrib $-1 -1 $319 $-1 $50 2 1 2 1 1 1 1 1 1 1 1 1 1 1 0 1 1 1 0.75294117647058822 0.75294117647058822 0.75294117647058822 #
lump $-1 -1 -1 $-1 $-1 $320 $50 F #
transform $-1 -1 0.95399839660927011 -0.29981170635407517 -3.3681739671767951e-015 3.4928408125652002e-015 -1.20106825767647e-016 1 -0.29981170635407517 -0.95399839660927011 9.3261284483416612e-016 -4.7999999999999972 -1.6000000000000001 0.59190000000000009 1.0000000000000002 rotate no_reflect no_shear #
rgb_color-st-attrib $-1 -1 $321 $-1 $51 2 1 2 1 1 1 1 1 1 1 1 1 1 1 0 1 1 1 0.88235294117647056 0.88235294117647056 0.88235294117647056 #
lump $-1 -1 -1 $-1 $-1 $322 $51 F #
transform $-1 -1 0.792010197196934 -0.61050786033930304 -1.78078859825435e-015 3.4928408125652002e-015 1.6143558609305301e-015 1 -0.61050786033930304 -0.792010197196934 3.4109930747465899e-015 -4.7999999999999998 3.7000000000000002 -0.20000000000000001 1 rotate no_reflect no_shear #
rgb_color-st-attrib $-1 -1 $323 $-1 $52 2 1 2 1 1 1 1 1 1 1 1 1 1 1 0 1 1 1 0.75294117647058822 0.75294117647058822 0.75294117647058822 #
lump $-1 -1 -1 $-1 $-1 $324 $52 F #
transform $-1 -1 0.28389022487645876 -0.95885678816995079 5.5635271203837868e-016 3.4928408125652002e-015 1.6143558609305301e-015 1 -0.95885678816995079 -0.28389022487645876 3.8074339715153873e-015 -4.7999999999999972 3.7000000000000015 0.59190000000000009 1 rotate no_reflect no_shear #
rgb_color-st-attrib $-1 -1 $325 $-1 $53 2 1 2 1 1 1 1 1 1 1 1 1 1 1 0 1 1 1 0.88235294117647056 0.88235294117647056 0.88235294117647056 #
lump $-1 -1 -1 $-1 $-1 $326 $53 F #
transform $-1 -1 0.92847669088525897 -0.371390676354104 0 0 0 1 -0.371390676354104 -0.92847669088525897 0 4 -1.6000000000000001 -0.20000000000000001 0.99999999999999989 rotate no_reflect no_shear #
rgb_color-st-attrib $-1 -1 $327 $-1 $54 2 1 2 1 1 1 1 1 1 1 1 1 1 1 0 1 1 1 0.75294117647058822 0.75294117647058822 0.75294117647058822 #
lump $-1 -1 -1 $-1 $-1 $328 $54 F #
transform $-1 -1 0.53460824661549178 -0.84510000748474101 0 0 0 1 -0.84510000748474101 -0.53460824661549178 0 4 -1.6000000000000001 0.59190000000000009 0.99999999999999989 rotate no_reflect no_shear #
name_attrib-gen-attrib $-1 -1 $-1 $55 $0 2 1 1 1 1 1 1 1 1 1 1 1 1 1 0 1 1 1 @20 alibrePartClosedBody #
shell $-1 -1 -1 $-1 $-1 $-1 $329 $-1 $56 F #
name_attrib-gen-attrib $-1 -1 $-1 $57 $1 2 1 1 1 1 1 1 1 1 1 1 1 1 1 0 1 1 1 @20 alibrePartClosedBody #
shell $-1 -1 -1 $-1 $-1 $-1 $330 $-1 $58 F #
name_attrib-gen-attrib $-1 -1 $-1 $60 $2 2 1 1 1 1 1 1 1 1 1 1 1 1 1 0 1 1 1 @20 alibrePartClosedBody #
shell $-1 -1 -1 $-1 $-1 $-1 $331 $-1 $61 F #
name_attrib-gen-attrib $-1 -1 $-1 $63 $3 2 1 1 1 1 1 1 1 1 1 1 1 1 1 0 1 1 1 @20 alibrePartClosedBody #
shell $-1 -1 -1 $-1 $-1 $-1 $332 $-1 $64 F #
name_attrib-gen-attrib $-1 -1 $-1 $66 $4 2 1 1 1 1 1 1 1 1 1 1 1 1 1 0 1 1 1 @20 alibrePartClosedBody #
shell $-1 -1 -1 $-1 $-1 $-1 $333 $-1 $67 F #
name_attrib-gen-attrib $-1 -1 $-1 $69 $5 2 1 1 1 1 1 1 1 1 1 1 1 1 1 0 1 1 1 @20 alibrePartClosedBody #
shell $-1 -1 -1 $-1 $-1 $-1 $334 $-1 $70 F #
name_attrib-gen-attrib $-1 -1 $-1 $72 $6 2 1 1 1 1 1 1 1 1 1 1 1 1 1 0 1 1 1 @20 alibrePartClosedBody #
shell $-1 -1 -1 $-1 $-1 $-1 $335 $-1 $73 F #
name_attrib-gen-attrib $-1 -1 $-1 $75 $7 2 1 1 1 1 1 1 1 1 1 1 1 1 1 0 1 1 1 @20 alibrePartClosedBody #
shell $-1 -1 -1 $-1 $-1 $-1 $336 $-1 $76 F #
name_attrib-gen-attrib $-1 -1 $-1 $78 $8 2 1 1 1 1 1 1 1 1 1 1 1 1 1 0 1 1 1 @20 alibrePartClosedBody #
shell $-1 -1 -1 $-1 $-1 $-1 $337 $-1 $79 F #
name_attrib-gen-attrib $-1 -1 $-1 $81 $9 2 1 1 1 1 1 1 1 1 1 1 1 1 1 0 1 1 1 @20 alibrePartClosedBody #
shell $-1 -1 -1 $-1 $-1 $-1 $338 $-1 $82 F #
name_attrib-gen-attrib $-1 -1 $-1 $84 $10 2 1 1 1 1 1 1 1 1 1 1 1 1 1 0 1 1 1 @20 alibrePartClosedBody #
shell $-1 -1 -1 $-1 $-1 $-1 $339 $-1 $85 F #
name_attrib-gen-attrib $-1 -1 $-1 $87 $11 2 1 1 1 1 1 1 1 1 1 1 1 1 1 0 1 1 1 @20 alibrePartClosedBody #
shell $-1 -1 -1 $-1 $-1 $-1 $340 $-1 $88 F #
name_attrib-gen-attrib $-1 -1 $-1 $90 $12 2 1 1 1 1 1 1 1 1 1 1 1 1 1 0 1 1 1 @20 alibrePartClosedBody #
shell $-1 -1 -1 $-1 $-1 $-1 $341 $-1 $91 F #
name_attrib-gen-attrib $-1 -1 $-1 $93 $13 2 1 1 1 1 1 1 1 1 1 1 1 1 1 0 1 1 1 @20 alibrePartClosedBody #
shell $-1 -1 -1 $-1 $-1 $-1 $342 $-1 $94 F #
name_attrib-gen-attrib $-1 -1 $-1 $96 $14 2 1 1 1 1 1 1 1 1 1 1 1 1 1 0 1 1 1 @20 alibrePartClosedBody #
shell $-1 -1 -1 $-1 $-1 $-1 $343 $-1 $97 F #
name_attrib-gen-attrib $-1 -1 $-1 $99 $15 2 1 1 1 1 1 1 1 1 1 1 1 1 1 0 1 1 1 @20 alibrePartClosedBody #
shell $-1 -1 -1 $-1 $-1 $-1 $344 $-1 $100 F #
name_attrib-gen-attrib $-1 -1 $-1 $102 $16 2 1 1 1 1 1 1 1 1 1 1 1 1 1 0 1 1 1 @20 alibrePartClosedBody #
shell $-1 -1 -1 $-1 $-1 $-1 $345 $-1 $103 F #
name_attrib-gen-attrib $-1 -1 $-1 $105 $17 2 1 1 1 1 1 1 1 1 1 1 1 1 1 0 1 1 1 @20 alibrePartClosedBody #
shell $-1 -1 -1 $-1 $-1 $-1 $346 $-1 $106 F #
name_attrib-gen-attrib $-1 -1 $-1 $108 $18 2 1 1 1 1 1 1 1 1 1 1 1 1 1 0 1 1 1 @20 alibrePartClosedBody #
shell $-1 -1 -1 $-1 $-1 $-1 $347 $-1 $109 F #
name_attrib-gen-attrib $-1 -1 $-1 $111 $19 2 1 1 1 1 1 1 1 1 1 1 1 1 1 0 1 1 1 @20 alibrePartClosedBody #
shell $-1 -1 -1 $-1 $-1 $-1 $348 $-1 $112 F #
name_attrib-gen-attrib $-1 -1 $-1 $114 $20 2 1 1 1 1 1 1 1 1 1 1 1 1 1 0 1 1 1 @20 alibrePartClosedBody #
shell $-1 -1 -1 $-1 $-1 $-1 $349 $-1 $115 F #
name_attrib-gen-attrib $-1 -1 $-1 $117 $21 2 1 1 1 1 1 1 1 1 1 1 1 1 1 0 1 1 1 @20 alibrePartClosedBody #
shell $-1 -1 -1 $-1 $-1 $-1 $350 $-1 $118 F #
name_attrib-gen-attrib $-1 -1 $-1 $120 $22 2 1 1 1 1 1 1 1 1 1 1 1 1 1 0 1 1 1 @20 alibrePartClosedBody #
shell $-1 -1 -1 $-1 $-1 $-1 $351 $-1 $121 F #
name_attrib-gen-attrib $-1 -1 $-1 $123 $23 2 1 1 1 1 1 1 1 1 1 1 1 1 1 0 1 1 1 @20 alibrePartClosedBody #
shell $-1 -1 -1 $-1 $-1 $-1 $352 $-1 $124 F #
name_attrib-gen-attrib $-1 -1 $-1 $126 $24 2 1 1 1 1 1 1 1 1 1 1 1 1 1 0 1 1 1 @20 alibrePartClosedBody #
shell $-1 -1 -1 $-1 $-1 $-1 $353 $-1 $127 F #
name_attrib-gen-attrib $-1 -1 $-1 $129 $25 2 1 1 1 1 1 1 1 1 1 1 1 1 1 0 1 1 1 @20 alibrePartClosedBody #
shell $-1 -1 -1 $-1 $-1 $-1 $354 $-1 $130 F #
name_attrib-gen-attrib $-1 -1 $-1 $132 $26 2 1 1 1 1 1 1 1 1 1 1 1 1 1 0 1 1 1 @20 alibrePartClosedBody #
shell $-1 -1 -1 $-1 $-1 $-1 $355 $-1 $133 F #
name_attrib-gen-attrib $-1 -1 $-1 $135 $27 2 1 1 1 1 1 1 1 1 1 1 1 1 1 0 1 1 1 @20 alibrePartClosedBody #
shell $-1 -1 -1 $-1 $-1 $-1 $356 $-1 $136 F #
name_attrib-gen-attrib $-1 -1 $-1 $138 $28 2 1 1 1 1 1 1 1 1 1 1 1 1 1 0 1 1 1 @20 alibrePartClosedBody #
shell $-1 -1 -1 $-1 $-1 $-1 $357 $-1 $139 F #
name_attrib-gen-attrib $-1 -1 $-1 $141 $29 2 1 1 1 1 1 1 1 1 1 1 1 1 1 0 1 1 1 @20 alibrePartClosedBody #
shell $-1 -1 -1 $-1 $-1 $-1 $358 $-1 $142 F #
name_attrib-gen-attrib $-1 -1 $-1 $144 $30 2 1 1 1 1 1 1 1 1 1 1 1 1 1 0 1 1 1 @20 alibrePartClosedBody #
shell $-1 -1 -1 $-1 $-1 $-1 $359 $-1 $145 F #
name_attrib-gen-attrib $-1 -1 $-1 $147 $31 2 1 1 1 1 1 1 1 1 1 1 1 1 1 0 1 1 1 @20 alibrePartClosedBody #
shell $-1 -1 -1 $-1 $-1 $-1 $360 $-1 $148 F #
name_attrib-gen-attrib $-1 -1 $-1 $150 $32 2 1 1 1 1 1 1 1 1 1 1 1 1 1 0 1 1 1 @20 alibrePartClosedBody #
shell $-1 -1 -1 $-1 $-1 $-1 $361 $-1 $151 F #
name_attrib-gen-attrib $-1 -1 $-1 $153 $33 2 1 1 1 1 1 1 1 1 1 1 1 1 1 0 1 1 1 @20 alibrePartClosedBody #
shell $-1 -1 -1 $-1 $-1 $-1 $362 $-1 $154 F #
name_attrib-gen-attrib $-1 -1 $-1 $156 $34 2 1 1 1 1 1 1 1 1 1 1 1 1 1 0 1 1 1 @20 alibrePartClosedBody #
shell $-1 -1 -1 $-1 $-1 $-1 $363 $-1 $157 F #
name_attrib-gen-attrib $-1 -1 $-1 $159 $35 2 1 1 1 1 1 1 1 1 1 1 1 1 1 0 1 1 1 @20 alibrePartClosedBody #
shell $-1 -1 -1 $-1 $-1 $-1 $364 $-1 $160 F #
name_attrib-gen-attrib $-1 -1 $-1 $162 $36 2 1 1 1 1 1 1 1 1 1 1 1 1 1 0 1 1 1 @20 alibrePartClosedBody #
shell $-1 -1 -1 $-1 $-1 $-1 $365 $-1 $163 F #
name_attrib-gen-attrib $-1 -1 $-1 $165 $37 2 1 1 1 1 1 1 1 1 1 1 1 1 1 0 1 1 1 @20 alibrePartClosedBody #
shell $-1 -1 -1 $-1 $-1 $-1 $366 $-1 $166 F #
name_attrib-gen-attrib $-1 -1 $-1 $168 $38 2 1 1 1 1 1 1 1 1 1 1 1 1 1 0 1 1 1 @20 alibrePartClosedBody #
shell $-1 -1 -1 $-1 $-1 $-1 $367 $-1 $169 F #
name_attrib-gen-attrib $-1 -1 $-1 $171 $39 2 1 1 1 1 1 1 1 1 1 1 1 1 1 0 1 1 1 @20 alibrePartClosedBody #
shell $-1 -1 -1 $-1 $-1 $-1 $368 $-1 $172 F #
name_attrib-gen-attrib $-1 -1 $-1 $174 $40 2 1 1 1 1 1 1 1 1 1 1 1 1 1 0 1 1 1 @20 alibrePartClosedBody #
shell $-1 -1 -1 $-1 $-1 $-1 $369 $-1 $175 F #
name_attrib-gen-attrib $-1 -1 $-1 $177 $41 2 1 1 1 1 1 1 1 1 1 1 1 1 1 0 1 1 1 @20 alibrePartClosedBody #
shell $-1 -1 -1 $-1 $-1 $-1 $370 $-1 $178 F #
name_attrib-gen-attrib $-1 -1 $-1 $180 $42 2 1 1 1 1 1 1 1 1 1 1 1 1 1 0 1 1 1 @20 alibrePartClosedBody #
shell $-1 -1 -1 $-1 $-1 $-1 $371 $-1 $181 F #
name_attrib-gen-attrib $-1 -1 $-1 $183 $43 2 1 1 1 1 1 1 1 1 1 1 1 1 1 0 1 1 1 @20 alibrePartClosedBody #
shell $-1 -1 -1 $-1 $-1 $-1 $372 $-1 $184 F #
name_attrib-gen-attrib $-1 -1 $-1 $186 $44 2 1 1 1 1 1 1 1 1 1 1 1 1 1 0 1 1 1 @20 alibrePartClosedBody #
shell $-1 -1 -1 $-1 $-1 $-1 $373 $-1 $187 F #
name_attrib-gen-attrib $-1 -1 $-1 $189 $45 2 1 1 1 1 1 1 1 1 1 1 1 1 1 0 1 1 1 @20 alibrePartClosedBody #
shell $-1 -1 -1 $-1 $-1 $-1 $374 $-1 $190 F #
name_attrib-gen-attrib $-1 -1 $-1 $192 $46 2 1 1 1 1 1 1 1 1 1 1 1 1 1 0 1 1 1 @20 alibrePartClosedBody #
shell $-1 -1 -1 $-1 $-1 $-1 $375 $-1 $193 F #
name_attrib-gen-attrib $-1 -1 $-1 $195 $47 2 1 1 1 1 1 1 1 1 1 1 1 1 1 0 1 1 1 @20 alibrePartClosedBody #
shell $-1 -1 -1 $-1 $-1 $-1 $376 $-1 $196 F #
name_attrib-gen-attrib $-1 -1 $-1 $198 $48 2 1 1 1 1 1 1 1 1 1 1 1 1 1 0 1 1 1 @20 alibrePartClosedBody #
shell $-1 -1 -1 $-1 $-1 $-1 $377 $-1 $199 F #
name_attrib-gen-attrib $-1 -1 $-1 $201 $49 2 1 1 1 1 1 1 1 1 1 1 1 1 1 0 1 1 1 @20 alibrePartClosedBody #
shell $-1 -1 -1 $-1 $-1 $-1 $378 $-1 $202 F #
name_attrib-gen-attrib $-1 -1 $-1 $204 $50 2 1 1 1 1 1 1 1 1 1 1 1 1 1 0 1 1 1 @20 alibrePartClosedBody #
shell $-1 -1 -1 $-1 $-1 $-1 $379 $-1 $205 F #
name_attrib-gen-attrib $-1 -1 $-1 $207 $51 2 1 1 1 1 1 1 1 1 1 1 1 1 1 0 1 1 1 @20 alibrePartClosedBody #
shell $-1 -1 -1 $-1 $-1 $-1 $380 $-1 $208 F #
name_attrib-gen-attrib $-1 -1 $-1 $210 $52 2 1 1 1 1 1 1 1 1 1 1 1 1 1 0 1 1 1 @20 alibrePartClosedBody #
shell $-1 -1 -1 $-1 $-1 $-1 $381 $-1 $211 F #
name_attrib-gen-attrib $-1 -1 $-1 $213 $53 2 1 1 1 1 1 1 1 1 1 1 1 1 1 0 1 1 1 @20 alibrePartClosedBody #
shell $-1 -1 -1 $-1 $-1 $-1 $382 $-1 $214 F #
name_attrib-gen-attrib $-1 -1 $-1 $216 $54 2 1 1 1 1 1 1 1 1 1 1 1 1 1 0 1 1 1 @20 alibrePartClosedBody #
shell $-1 -1 -1 $-1 $-1 $-1 $383 $-1 $217 F #
face $-1 -1 -1 $-1 $384 $385 $220 $-1 $386 forward single T 3.9000000000000004 -1.7000000000000002 0.20000000000000007 4.0999999999999996 -1.5 0.61187500000000039 F #
face $-1 -1 -1 $-1 $387 $388 $222 $-1 $389 forward single T -0.3175 -0.3175 0 0.3175 0.3175 0.3175 F #
face $-1 -1 -1 $-1 $390 $391 $224 $-1 $392 forward single T -0.3175 -0.3175 0 0.3175 0.3175 0.3175 F #
face $-1 -1 -1 $-1 $393 $394 $226 $-1 $395 forward single T -0.3175 -0.3175 0 0.3175 0.3175 0.3175 F #
face $-1 -1 -1 $-1 $396 $397 $228 $-1 $398 reversed single T -0.10000000000000001 0.049999999999999989 -0.115470053837925 -1.2316536679435333e-016 0.25 -0.057735026918962498 F #
face $-1 -1 -1 $-1 $399 $400 $230 $-1 $401 reversed single T -0.10000000000000001 0.049999999999999989 -0.115470053837925 -1.2316536679435333e-016 0.25 -0.057735026918962498 F #
face $-1 -1 -1 $-1 $402 $403 $232 $-1 $404 reversed single T -0.10000000000000001 0.049999999999999989 -0.115470053837925 -1.2316536679435333e-016 0.25 -0.057735026918962498 F #
face $-1 -1 -1 $-1 $405 $406 $234 $-1 $407 reversed single T -0.10000000000000001 0.049999999999999989 -0.115470053837925 -1.2316536679435333e-016 0.25 -0.057735026918962498 F #
face $-1 -1 -1 $-1 $408 $409 $236 $-1 $410 forward single T -0.26000000000000001 -0.17150000000000001 0.105 -0.21000000000000002 0.17150000000000001 0.155 F #
face $-1 -1 -1 $-1 $411 $412 $238 $-1 $413 forward single T -0.26000000000000001 -0.17150000000000001 0.105 -0.21000000000000002 0.17150000000000001 0.155 F #
face $-1 -1 -1 $-1 $414 $415 $240 $-1 $416 forward single T -0.26000000000000001 -0.17150000000000001 0.105 -0.21000000000000002 0.17150000000000001 0.155 F #
face $-1 -1 -1 $-1 $417 $418 $242 $-1 $419 reversed single T -0.4385076211353317 -0.15951747931255816 0 -0.35350762113533163 -0.012293160669203634 0.27200000000000002 F #
face $-1 -1 -1 $-1 $420 $421 $244 $-1 $422 forward single T -0.26000000000000001 -0.17150000000000001 0.105 -0.21000000000000002 0.17150000000000001 0.155 F #
face $-1 -1 -1 $-1 $423 $424 $246 $-1 $425 forward single T -0.26000000000000001 -0.17150000000000001 0.105 -0.21000000000000002 0.17150000000000001 0.155 F #
face $-1 -1 -1 $-1 $426 $427 $248 $-1 $428 forward single T -0.26000000000000001 -0.17150000000000001 0.105 -0.21000000000000002 0.17150000000000001 0.155 F #
face $-1 -1 -1 $-1 $429 $430 $250 $-1 $431 reversed single T -0.4385076211353317 -0.15951747931255816 0 -0.35350762113533163 -0.012293160669203634 0.27200000000000002 F #
face $-1 -1 -1 $-1 $432 $433 $252 $-1 $434 forward single T -0.26000000000000001 -0.17150000000000001 0.105 -0.21000000000000002 0.17150000000000001 0.155 F #
face $-1 -1 -1 $-1 $435 $436 $254 $-1 $437 forward single T -0.26000000000000001 -0.17150000000000001 0.105 -0.21000000000000002 0.17150000000000001 0.155 F #
face $-1 -1 -1 $-1 $438 $439 $256 $-1 $440 forward single T -0.26000000000000001 -0.17150000000000001 0.105 -0.21000000000000002 0.17150000000000001 0.155 F #
face $-1 -1 -1 $-1 $441 $442 $258 $-1 $443 reversed single T -0.4385076211353317 -0.15951747931255816 0 -0.35350762113533163 -0.012293160669203634 0.27200000000000002 F #
face $-1 -1 -1 $-1 $444 $445 $260 $-1 $446 reversed single T -0.40000000000000002 -0.40000000000000002 0 0.40000000000000002 0.40000000000000002 0.1587499999999995 F #
face $-1 -1 -1 $-1 $447 $448 $262 $-1 $449 reversed single T 0.56499999999999995 0.11500000000000021 0.29999999999999999 1.0349999999999999 0.58500000000000008 0.59999999999999998 F #
face $-1 -1 -1 $-1 $450 $451 $264 $-1 $452 forward single T -2.5499999999999998 -1.3500000000000003 0 -2.0117102607939064 -1.3 0.050000000000000044 F #
face $-1 -1 -1 $-1 $453 $454 $266 $-1 $455 forward single T -2.5499999999999998 -1.3500000000000001 0.58499999999999996 -2.0117102607939064 -1.3 0.63500000000000001 F #
face $-1 -1 -1 $-1 $456 $457 $268 $-1 $458 reversed single T -0.10000000000000001 0.049999999999999989 -0.115470053837925 -1.2316536679435333e-016 0.25 -0.057735026918962498 F #
face $-1 -1 -1 $-1 $459 $460 $270 $-1 $461 reversed single T -0.10000000000000001 0.049999999999999989 -0.115470053837925 -1.2316536679435333e-016 0.25 -0.057735026918962498 F #
face $-1 -1 -1 $-1 $462 $463 $272 $-1 $464 reversed single T -0.10000000000000001 0.049999999999999989 -0.115470053837925 -1.2316536679435333e-016 0.25 -0.057735026918962498 F #
face $-1 -1 -1 $-1 $465 $466 $274 $-1 $467 reversed single T -0.10000000000000001 0.049999999999999989 -0.115470053837925 -1.2316536679435333e-016 0.25 -0.057735026918962498 F #
face $-1 -1 -1 $-1 $468 $469 $276 $-1 $470 reversed single T -0.10000000000000001 0.049999999999999989 -0.115470053837925 -1.2316536679435333e-016 0.25 -0.057735026918962498 F #
face $-1 -1 -1 $-1 $471 $472 $278 $-1 $473 reversed single T -0.10000000000000001 0.049999999999999989 -0.115470053837925 -1.2316536679435333e-016 0.25 -0.057735026918962498 F #
face $-1 -1 -1 $-1 $474 $475 $280 $-1 $476 reversed single T -0.074999999999999997 -2.7755575615628914e-017 -0.086602540378443699 -8.3266726846886741e-017 0.20000000000000001 -0.043301270189221898 F #
face $-1 -1 -1 $-1 $477 $478 $282 $-1 $479 reversed single T -0.074999999999999997 -2.7755575615628914e-017 -0.086602540378443699 -8.3266726846886741e-017 0.20000000000000001 -0.043301270189221898 F #
face $-1 -1 -1 $-1 $480 $481 $284 $-1 $482 reversed single T -0.074999999999999997 -2.7755575615628914e-017 -0.086602540378443699 -8.3266726846886741e-017 0.20000000000000001 -0.043301270189221898 F #
face $-1 -1 -1 $-1 $483 $484 $286 $-1 $485 reversed single T -0.074999999999999997 -2.7755575615628914e-017 -0.086602540378443699 -8.3266726846886741e-017 0.20000000000000001 -0.043301270189221898 F #
face $-1 -1 -1 $-1 $486 $487 $288 $-1 $488 reversed single T -0.074999999999999997 -2.7755575615628914e-017 -0.086602540378443699 -8.3266726846886741e-017 0.20000000000000001 -0.043301270189221898 F #
face $-1 -1 -1 $-1 $489 $490 $290 $-1 $491 reversed single T -0.074999999999999997 -2.7755575615628914e-017 -0.086602540378443699 -8.3266726846886741e-017 0.20000000000000001 -0.043301270189221898 F #
face $-1 -1 -1 $-1 $492 $493 $292 $-1 $494 reversed single T -0.074999999999999997 -2.7755575615628914e-017 -0.086602540378443699 -8.3266726846886741e-017 0.20000000000000001 -0.043301270189221898 F #
face $-1 -1 -1 $-1 $495 $496 $294 $-1 $497 reversed single T -0.074999999999999997 -2.7755575615628914e-017 -0.086602540378443699 -8.3266726846886741e-017 0.20000000000000001 -0.043301270189221898 F #
face $-1 -1 -1 $-1 $498 $499 $296 $-1 $500 reversed single T -0.074999999999999997 -2.7755575615628914e-017 -0.086602540378443699 -8.3266726846886741e-017 0.20000000000000001 -0.043301270189221898 F #
face $-1 -1 -1 $-1 $501 $502 $298 $-1 $503 reversed single T -0.074999999999999997 -2.7755575615628914e-017 -0.086602540378443699 -8.3266726846886741e-017 0.20000000000000001 -0.043301270189221898 F #
face $-1 -1 -1 $-1 $504 $505 $300 $-1 $506 reversed single T -0.074999999999999997 -2.7755575615628914e-017 -0.086602540378443699 -8.3266726846886741e-017 0.20000000000000001 -0.043301270189221898 F #
face $-1 -1 -1 $-1 $507 $508 $302 $-1 $509 reversed single T -0.074999999999999997 -2.7755575615628914e-017 -0.086602540378443699 -8.3266726846886741e-017 0.20000000000000001 -0.043301270189221898 F #
face $-1 -1 -1 $-1 $510 $511 $304 $-1 $512 reversed single T -0.074999999999999997 -2.7755575615628914e-017 -0.086602540378443699 -8.3266726846886741e-017 0.20000000000000001 -0.043301270189221898 F #
face $-1 -1 -1 $-1 $513 $514 $306 $-1 $515 reversed single T -0.074999999999999997 -2.7755575615628914e-017 -0.086602540378443699 -8.3266726846886741e-017 0.20000000000000001 -0.043301270189221898 F #
face $-1 -1 -1 $-1 $516 $517 $308 $-1 $518 reversed single T -0.074999999999999997 -2.7755575615628914e-017 -0.086602540378443699 -8.3266726846886741e-017 0.20000000000000001 -0.043301270189221898 F #
face $-1 -1 -1 $-1 $519 $520 $310 $-1 $521 reversed single T -0.074999999999999997 -2.7755575615628914e-017 -0.086602540378443699 -8.3266726846886741e-017 0.20000000000000001 -0.043301270189221898 F #
face $-1 -1 -1 $-1 $522 $523 $312 $-1 $524 forward single T -0.10249999999999999 -0.10250000000000001 -0.65000000000000002 0.10249999999999999 0.10250000000000008 0.14999999999999999 F #
